Sumatera 1 - 1
140 189 156 255
33,79,36,79,37,81,38,83,37,84,35,82,33,82

Sumatera 2 - 1
140 189 156 255
41,75,42,74,44,76,44,78,43,80,40,79,40,77

Sumatera 3 - 1
140 189 156 255
40,88,39,86,44,84,47,82,53,84,57,87,63,91,67,94,70,98,75,94,78,96,83,96,88,96,94,94,96,94,100,96,104,96,106,100,109,101,115,99,119,98,124,100,126,106,131,110,133,111,135,117,137,122,142,126,146,124,145,131,143,134,148,138,154,141,158,144,162,148,168,153,176,154,182,159,188,164,193,167,199,172,204,176,204,180,204,185,213,186,216,189,219,196,221,201,226,204,232,204,237,201,243,202,251,210,252,216,256,221,265,224,269,223,274,228,279,232,280,237,280,242,283,246,288,249,292,252,296,252,303,251,296,247,290,248,292,243,294,240,298,243,302,246,306,246,310,248,313,254,312,258,308,262,302,265,300,269,308,267,313,266,318,262,322,260,328,264,334,268,336,273,334,278,330,279,326,280,324,285,324,287,326,291,324,296,324,305,330,307,334,310,342,312,352,314,358,314,360,321,360,324,361,332,362,338,364,342,367,344,366,347,371,351,374,351,375,354,371,358,370,361,368,367,370,364,373,359,378,361,383,361,388,361,395,362,400,362,399,367,402,370,407,376,406,380,411,382,416,386,416,389,412,394,408,402,410,409,410,416,408,426,411,433,408,450,408,464,405,476,403,483,395,473,387,466,382,476,375,473,370,470,364,469,366,475,367,478,369,481,365,483,361,478,359,475,355,476,352,468,347,466,342,462,340,459,340,456,335,452,330,449,325,448,319,446,315,441,316,438,309,434,306,433,301,423,295,422,287,416,285,414,285,408,282,402,277,401,272,397,269,394,264,393,259,385,254,377,253,375,250,371,243,369,243,364,241,361,236,359,233,355,234,352,235,348,235,344,232,341,232,343,230,338,228,334,227,332,227,329,227,326,225,323,222,323,219,321,219,319,222,314,218,309,216,306,211,301,209,297,206,292,203,292,199,289,199,284,197,282,197,279,193,276,190,273,186,272,184,270,181,269,178,269,174,267,174,264,173,260,171,253,170,248,169,244,166,238,164,233,161,228,161,223,163,221,160,219,153,213,150,209,143,206,136,202,133,200,130,200,126,199,124,194,123,189,121,181,120,176,117,177,115,176,111,173,110,167,106,165,105,162,104,157,98,154,94,149,87,148,83,149,79,145,75,140,75,137,70,134,66,133,64,128,60,123,54,119,50,115,44,110,44,107,43,103,43,101,41,98,39,95,39,93,41,90

Sumatera 3 - 2
198 222 140 255
44,88,46,90,48,91,51,93,49,89,52,88,55,89,58,90,60,91,64,97,69,96,72,98,75,97,77,100,81,101,84,102,88,102,90,100,91,102,93,103,96,104,100,102,102,103,105,105,107,107,109,108,111,108,113,109,114,111,112,115,114,117,117,114,120,112,123,113,123,117,123,120,123,122,125,124,126,127,129,130,132,133,136,138,137,142,138,146,138,148,140,148,142,152,143,156,143,158,144,160,147,161,151,160,153,161,156,161,158,162,161,163,164,166,168,168,170,170,172,171,175,174,178,175,180,176,181,179,182,182,183,184,185,187,185,189,187,191,189,193,192,193,194,194,196,198,198,203,198,205,196,207,195,209,197,211,200,213,202,219,199,221,195,223,193,225,191,227,192,230,194,232,196,236,197,238,200,234,202,236,203,240,204,242,207,244,208,247,212,249,215,248,219,250,218,252,217,255,217,257,219,259,222,261,224,262,224,265,223,267,226,268,229,270,231,269,234,270,239,270,240,272,238,278,240,281,240,283,242,285,246,286,248,287,245,293,244,296,247,301,249,301,251,302,252,306,252,308,251,310,250,313,249,315,249,319,250,321,252,323,256,321,258,320,260,320,259,325,261,327,263,329,261,330,259,332,266,334,269,333,271,334,274,336,276,338,279,342,277,343,276,345,277,348,277,351,279,354,281,357,283,358,285,359,286,361,290,361,292,362,295,364,296,366,293,368,292,370,294,372,296,373,296,376,297,378,298,380,299,383,305,390,307,391,312,395,313,397,312,401,313,404,318,407,321,407,328,409,331,411,336,413,339,414,342,416,345,421,349,426,349,428,345,431,348,436,354,438,359,439,362,440,366,442,368,444,372,446,371,448,372,452,375,454,375,458,376,463,379,464,382,463,384,460,388,462,385,466,384,470,384,474,380,472,375,470,371,468,367,465,364,464,360,462,358,460,360,465,362,470,364,474,365,478,359,474,353,468,348,461,345,456,342,453,339,451,335,448,329,443,325,441,322,439,315,433,310,430,307,426,304,421,298,417,292,413,286,407,286,403,283,399,279,395,277,393,268,382,263,373,260,366,256,361,252,358,247,351,244,348,239,344,236,339,235,332,233,326,227,321,224,316,218,309,217,305,219,299,219,295,212,291,211,283,208,280,209,277,203,273,198,264,190,267,184,263,180,258,173,250,172,242,179,244,177,237,174,236,172,230,175,227,176,220,170,226,165,225,164,217,161,214,160,208,156,208,156,212,146,202,145,205,142,201,140,198,140,195,141,191,136,186,135,181,136,174,138,167,134,164,131,160,129,167,129,175,127,179,122,179,117,175,114,170,114,167,109,161,105,159,101,156,100,151,97,148,91,146,90,143,88,137,85,136,80,130,78,125,75,120,70,120,68,115,69,111,66,108,63,112,63,117,62,119,58,119,56,116,54,113,53,107,52,105,49,107,47,105,47,101,44,98,43,96,43,91

Sumatera 3 - 3
255 255 123 255
44,90,48,93,50,94,51,96,54,95,56,92,59,93,60,96,63,98,66,101,71,100,74,100,78,103,85,104,88,104,88,108,91,110,95,109,101,106,104,108,108,111,108,116,108,120,112,118,116,117,118,118,118,122,120,126,122,129,121,134,125,136,128,135,132,138,134,146,137,151,141,160,142,162,145,165,150,162,155,162,158,165,161,167,164,168,168,173,173,176,177,177,180,181,179,185,181,189,184,192,188,195,190,197,194,200,193,206,190,211,196,215,196,219,193,222,190,224,188,226,188,232,191,234,193,238,194,241,201,244,203,246,204,250,210,251,213,252,214,254,210,257,211,262,215,262,218,267,220,270,223,274,228,275,232,277,238,283,239,291,235,292,232,286,229,282,223,285,220,286,222,292,222,294,224,298,226,300,230,302,234,306,240,304,245,304,248,306,248,311,246,315,246,320,248,324,252,328,256,328,258,333,262,335,267,336,270,338,268,341,269,347,270,352,276,357,281,361,282,366,286,372,291,373,296,376,296,383,303,392,306,395,308,399,308,403,302,404,300,406,305,409,309,410,322,412,326,416,332,414,336,421,342,426,340,423,342,431,341,438,350,442,360,443,364,447,368,452,370,455,370,459,361,459,353,456,356,463,356,467,349,455,342,448,333,444,328,440,321,431,316,430,314,426,312,423,309,419,301,419,293,410,288,400,284,396,278,390,281,383,276,384,272,380,268,379,265,375,260,371,257,368,256,363,252,360,249,354,246,350,243,345,238,345,236,339,236,335,235,331,230,324,228,320,228,316,227,313,224,309,220,302,220,299,220,296,219,294,216,290,213,289,209,286,212,280,210,276,206,271,202,268,197,267,192,268,188,263,184,259,183,257,180,254,179,249,183,245,186,245,185,240,181,237,178,236,175,235,171,235,170,229,175,225,176,221,172,222,170,223,167,219,164,215,164,209,159,208,156,208,151,204,148,204,146,201,145,193,142,189,140,185,135,179,140,178,141,175,139,171,136,169,136,167,128,157,126,155,128,167,130,174,129,178,126,180,122,177,117,174,115,171,114,165,112,161,108,159,107,157,101,153,99,148,99,145,94,142,93,137,90,135,85,132,80,127,80,124,77,121,76,118,72,116,71,111,69,108,66,105,62,108,61,112,60,115,55,110,54,105,50,102,46,97,45,94,45,91

Sumatera 3 - 4 - 1
255 198 57 255
48,98,50,99,53,99,56,101,58,103,58,105,59,108,59,111,58,113,56,109,55,106,53,103,50,101

Sumatera 3 - 4 - 2
255 198 57 255
69,104,73,104,83,107,85,108,85,110,87,111,89,113,92,118,93,115,95,113,100,112,106,117,105,126,108,128,111,128,111,124,112,122,114,121,116,121,118,128,120,130,121,137,128,139,130,139,132,143,134,147,134,149,135,153,137,155,140,158,142,166,136,162,133,158,132,155,128,151,123,148,121,146,117,143,114,140,112,138,106,136,101,137,93,135,88,132,85,129,86,127,88,126,90,127,83,121,82,119,85,115,79,114,76,115,73,115,71,112,74,108,70,107

Sumatera 3 - 4 - 3
255 198 57 255
98,139,102,140,105,140,109,142,111,144,113,145,114,147,115,149,123,154,124,157,125,159,123,164,125,169,120,170,117,165,113,162,110,160,108,157,106,154,102,152,102,149,100,146,96,141

Sumatera 3 - 4 - 4
255 198 57 255
145,172,148,172,148,169,150,165,155,165,158,168,161,171,163,173,167,175,173,179,176,183,177,186,179,190,181,193,185,198,186,200,188,203,189,206,186,209,184,210,183,213,186,214,188,216,188,220,186,222,183,224,179,222,178,218,177,216,168,213,167,210,165,207,160,205,157,205,154,199,153,197,149,194,147,193,145,188,144,186,142,184,144,181,148,181,150,182,149,178,146,175,144,175

Sumatera 3 - 4 - 5
255 198 57 255
191,238,194,242,199,244,199,246,199,248,199,251,197,253,193,249,189,242,188,239

Sumatera 3 - 4 - 6
255 198 57 255
210,253,212,253,210,255

Sumatera 3 - 4 - 7
255 198 57 255
182,248,188,248,190,251,192,255,195,256,196,258,201,259,204,261,206,263,206,266,208,269,211,271,212,268,212,265,214,264,216,266,216,268,215,271,217,273,219,275,219,277,206,271,203,267,202,264,199,263,196,264,192,261,189,258,187,257,185,254,184,250,181,250

Sumatera 3 - 4 - 8
255 198 57 255
225,305,227,308,230,311,236,311,243,311,243,314,239,319,239,321,243,324,244,328,249,332,257,335,258,340,259,342,264,342,266,342,263,347,258,346,255,346,255,351,258,356,261,358,266,359,269,360,271,362,275,363,277,368,282,372,285,374,287,378,288,381,293,385,297,389,299,393,299,397,297,401,291,402,284,394,282,389,281,387,280,383,273,379,270,380,266,375,262,369,260,366,257,362,255,359,251,355,250,349,249,347,246,344,242,342,240,339,238,335,238,330,234,325,230,320,231,316,227,313

Sumatera 3 - 4 - 9
255 198 57 255
300,408,306,412,314,412,320,414,321,419,333,421,335,426,335,430,329,431,331,435,319,430,316,429,315,424,313,420,311,418,304,419,300,414,298,412

Sumatera 3 - 4 - 10
255 198 57 255
348,448,351,446,354,448,357,449,361,450,361,454,365,457,367,458,360,457,356,455,351,451,350,449

Sumatera 3 - 5 - 1
214 140 90 255
79,108,81,111,77,111,76,108

Sumatera 3 - 5 - 2
214 140 90 255
86,119,89,120,86,121,84,120

Sumatera 3 - 5 - 3
214 140 90 255
92,128,96,127,98,127,101,128,103,130,104,132,101,134,96,133,93,131,91,130

Sumatera 3 - 5 - 4
214 140 90 255
112,132,116,133,118,134,114,134,112,134

Sumatera 3 - 5 - 5
214 140 90 255
104,142,109,144,114,146,113,149,117,152,121,154,122,158,121,161,117,161,116,159,113,156,111,153,107,150,106,147

Sumatera 3 - 5 - 6
214 140 90 255
124,142,127,144,130,144,132,147,133,149,134,151,137,155,137,158,134,153,130,148,124,144

Sumatera 3 - 5 - 7
214 140 90 255
183,200,184,202,184,204,182,203

Sumatera 3 - 5 - 8
214 140 90 255
194,245,196,248,198,248,197,245

Sumatera 3 - 5 - 9
214 140 90 255
244,336,248,339,252,336,249,332,246,332,242,332,239,332

Sumatera 3 - 5 - 10
214 140 90 255
311,414,315,416,315,420,310,418

Sumatera 3 - 5 - 11
214 140 90 255
322,422,326,424,327,426,323,427,318,425,318,422

Sumatera 3 - 6 - 1
211 104 85 255
116,154,118,157,118,153,115,151,112,149,108,146,110,149,111,151,114,153

Sumatera 4
140 189 156 255
60,178,62,179,63,181,66,182,73,184,74,186,77,190,80,193,82,195,79,197,80,200,82,202,85,205,87,205,86,207,77,200,73,193,66,189,62,188,58,184,56,183

Sumatera 5
140 189 156 255
109,200,114,203,110,206,106,206

Sumatera 6 - 1
140 189 156 255
113,228,115,227,120,231,123,235,128,240,132,242,135,246,132,251,125,257,121,249,117,244,110,238,108,234,105,229

Sumatera 6 - 2 - 1
198 222 140 255
122,243,128,242,130,248,128,252,124,249,122,247,120,245

Sumatera 6 - 2 - 2
198 222 140 255
119,235,121,237,121,233,115,230,113,230,115,232

Sumatera 6 - 3
255 255 123 255
124,244,127,246,127,250,124,247,121,245

Sumatera 7
140 189 156 255
149,221,154,223,156,223,152,224,147,222

Sumatera 8
140 189 156 255
157,272,163,270,164,272,157,275

Sumatera 9
140 189 156 255
150,278,152,278,153,280,154,283,156,286,158,288,155,288,152,285

Sumatera 10
140 189 156 255
152,290,154,292,155,295,154,297,151,297,149,294,150,292
