Jawa Kecil 1-1
140 189 156 255
383,504,386,504,389,506,387,508,385,508,383,506

Jawa Besar 1-1
140 189 156 255
403,515,396,517,392,511,400,506,403,501,406,496,409,490,411,485,417,482,424,487,436,487,439,487,443,489,447,489,451,488,455,484,460,485,465,488,468,491,473,493,479,494,482,495,487,495,491,496,495,496,498,496,502,501,503,506,502,507,501,512,508,512,517,514,527,514,534,517,541,517,548,519,554,519,559,518,565,518,570,515,572,512,574,508,576,505,579,503,586,500,590,503,590,508,590,510,598,511,603,512,611,513,615,513,623,514,632,517,635,518,640,520,645,526,647,529,648,534,652,542,650,539,655,540,662,544,666,546,670,546,670,544,674,544,678,542,683,544,688,544,692,545,697,546,701,545,706,545,706,548,705,554,704,559,703,568,706,575,709,581,704,583,700,581,700,578,698,576,696,576,694,576,680,571,677,570,675,569,669,567,668,567,665,564,659,565,656,566,653,566,651,567,644,567,640,568,629,568,627,566,626,567,622,568,619,566,617,565,612,565,609,567,607,568,603,567,598,565,590,564,583,563,579,562,574,561,571,559,567,557,566,555,564,555,559,552,558,551,554,549,546,547,537,546,532,547,527,544,524,544,516,545,515,545,513,544,509,544,502,544,495,549,485,549,482,549,479,547,471,545,468,542,463,538,460,537,456,535,452,535,446,535,443,537,440,536,434,533,430,531,428,530,430,525,432,518,431,517,427,517,423,517,419,517,417,517,413,513,409,514,413,515

Jawa Kecil 2-1
140 189 156 255
645,522,650,523,657,527,660,528,661,526,667,526,674,527,676,528,679,524,686,521,693,517,687,515,681,516,673,515,664,515,657,514,652,512

Jawa Kecil 3-1
140 189 156 255
707,560,708,564,711,567,714,569,723,570,727,571,730,574,730,577,731,581,733,580,735,577,739,575,744,572,748,569,749,565,745,564,740,561,738,560,735,559,730,557,729,558,726,562,721,563,719,562,716,559

Jawa Kecil 4-1
140 189 156 255
640,477,644,483,647,479,646,475

Jawa Kecil 5-1
140 189 156 255
732,514,732,518,737,519,740,517,745,520,738,515

Jawa Kecil 6-1
140 189 156 255
751,524,753,529,757,524

Jawa Kecil 7-1
140 189 156 255
706,560,707,565,712,570,717,570,722,571,728,577,732,584,734,578,737,574,745,571,750,567,744,562,738,560,733,559,730,557,726,562,722,564,719,564

Jawa Kecil 8-1
140 189 156 255
740,579,743,582,746,583,745,578

Jawa Besar 1_1-2
178 211 145 255 
400,511,408,510,406,507

Jawa Besar 1_2-2
178 211 145 255 
412,489,410,493,408,498,413,502,417,503,414,510,421,513,419,514,429,518,435,518,441,517,430,521,428,526,430,529,433,533,439,533,444,531,450,529,458,533,464,534,467,534,473,537,478,541,485,543,489,541,489,537,493,543,497,545,500,543,507,541,505,538,502,537,499,534,497,531,502,529,508,530,519,536,528,537,532,537,538,538,546,541,550,543,555,545,559,543,563,541,565,545,568,550,567,553,573,557,578,558,586,560,592,560,601,561,607,563,611,563,611,558,614,555,617,554,621,546,621,541,614,540,609,541,605,545,602,549,601,553,596,555,592,556,592,554,597,550,597,547,597,543,596,538,593,537,585,542,584,550,583,552,580,548,581,545,581,538,581,536,576,530,574,528,565,523,561,522,554,519,542,519,536,522,532,522,528,520,524,521,521,525,521,530,519,529,516,528,516,525,512,522,506,519,502,517,501,515,500,513,495,513,490,515,486,514,483,512,480,508,478,505,473,501,467,502,464,504,457,507,459,503,455,503,452,503,450,500,446,498,441,498,439,502,436,502,433,498,428,496,425,495,422,493,418,492

Jawa Besar 1_3-2
178 211 145 255 
580,503,578,509,580,515,584,517,590,512,588,506

Jawa Besar 1_4-2
178 211 145 255 
578,519,584,517,591,515,595,519,583,522

Jawa Besar 1_5-2
178 211 145 255 
610,515,617,524,624,522,621,516

Jawa Besar 1_6-2
178 211 145 255 
609,525,607,529,607,535,614,536,622,536,624,533,617,528,614,528

Jawa Besar 1_7-2
178 211 145 255 
609,525,607,529,607,535,614,536,622,536,624,533,617,528,614,528

Jawa Kecil 3-2
178 211 145 255 
669,521,672,520,677,522,673,526,671,524

Jawa Kecil 4-2
178 211 145 255 
710,560,710,565,714,569,723,571,725,571,729,571,731,571,731,574,734,574,738,572,742,571,745,567,742,560,736,560,733,562,728,564,724,561,720,563,719,563

Jawa Besar Kuning 1-3
240 237 115 255
422,504,419,514,425,516,429,516,436,515,440,515,443,514,451,514,455,512,456,507,451,507,450,507,443,502,441,504,438,507,435,507,431,506,425,505

Jawa Besar Kuning 2-3
240 237 115 255
435,521,433,524,434,527,439,529,443,528,447,528,452,529,462,530,470,533,476,534,478,536,481,538,485,540,486,534,489,533,495,529,500,528,504,528,513,528,504,524,500,522,499,519,492,519,490,521,486,521,483,519,479,515,478,514,477,513,475,512,473,511,471,509,466,507,462,507,459,512,456,513,453,514,455,519,451,521,449,522,445,521

Jawa Besar Kuning 3-3
240 237 115 255
525,522,521,526,520,532,528,534,536,536,542,537,546,540,550,539,554,536,558,533,561,531,564,536,565,541,573,542,577,540,577,534,574,529,573,528,570,525,566,526,557,528,555,528,554,526,552,522,548,521,544,521,539,524,534,527,530,524

Jawa Besar Kuning 4-3
240 237 115 255
594,534,592,539,589,541,588,547,589,552,593,550,595,548,597,541


Jawa Besar Kuning 5-3
240 237 115 255
602,556,597,559,595,560,602,560,608,561,609,559

Jawa Besar Kuning 6-3
240 237 115 255
639,541,630,547,628,555,628,558,635,559,638,557,646,557,647,555,645,562,650,564,659,562,661,560,663,558,670,557,677,557,682,557,682,564,687,567,696,566,699,553,692,552,689,552,676,550,673,549,671,552,671,555,662,551,654,549,649,549,648,550,645,549,644,545

Jawa Besar Kuning 7-3
240 237 115 255
710,562,713,568,720,567,729,569,734,569,731,573,741,572,748,569,748,566,742,564,737,562,735,562,727,564,723,565,718,564

Jawa Besar Orange 1-4
254 213 74 255
424,508,424,511,429,513,433,512,434,509,426,508

Jawa Besar Orange 2-4
254 213 74 255
441,509,444,511,452,511,453,510,451,505,444,507

Jawa Besar Orange 3-4
254 213 74 255
443,524,453,521,463,521,471,520,474,521,478,521,481,524,484,526,487,526,486,533,483,534,479,538,475,536,471,533,468,531,465,529,459,529

Jawa Besar Orange 4-4
254 213 74 255
524,524,526,531,535,532,541,533,547,534,554,533,557,531,558,529,554,524,549,523,543,523,539,526,535,527,528,525

Jawa Besar Orange 5-4
254 213 74 255
593,540,590,543,592,548,593,543

Jawa Besar Orange 6-4
254 213 74 255
638,543,633,551,633,557,636,562,641,553,640,548

Jawa Besar Orange 7-4
254 213 74 255
655,551,651,553,648,560,648,564,655,559,658,558

Jawa Besar Orange 8-4
254 213 74 255
669,553,670,557,676,560,683,557,685,558,690,562,692,563,698,560,698,557,698,554,688,558,686,557,679,555,676,553,674,550

Jawa Besar Orange 9-4
254 213 74 255
731,563,725,567,730,567,735,568,739,568,742,568,744,567,737,564

Jawa Besar Merah 1-5
220 147 67 255
548,527,545,528,548,530,554,529

Nusa Tenggara 1-1
