Maluku Utara Super Atas
447,68,446,71,446,73,447,75,448,72,450,70,449,67

Maluku Utara 1
467,100,468,102,471,102,473,99,473,96,473,94,470,95,467,97

Maluku Utara 2
464,101,461,104,459,106,458,109,458,112,457,114,456,116,457,119,458,121,457,124,458,126,459,128,460,132,460,135,462,138,464,140,465,142,467,145,469,145,465,138,462,134,463,131,463,128,464,126,466,126,468,128,471,127,473,129,476,129,475,127,472,125,469,123,468,121,470,119,472,117,474,115,474,112,472,110,470,111,467,112,466,115,466,117,463,117,463,120,461,121,460,119,460,116,462,115,464,114,465,112,465,110,464,108,463,106,464,103

Maluku Utara 3
455,139,457,141,459,143,463,144,462,142,459,141,459,139,459,137,456,137

Maluku Utara 4
456,156,456,154,458,153,460,153,463,154,466,155,465,157,459,157

Maluku Utara 5
414,157,416,155,419,154,421,156,425,157,428,157,433,157,435,158,437,157,440,157,438,160,432,159,428,159,425,159,422,159,419,160,416,161,414,159

Maluku Tengah 1 Kiri
436,180,437,177,440,177,443,177,446,177,449,177,452,178,452,181,454,182,451,186,447,188,444,188,441,185,438,182

Maluku Tengah 2 Kiri
461,179,463,180,463,183,465,180,465,178,463,177

Maluku Tengah 3 Kiri
464,186,463,184,465,183,467,183,469,183,468,186,466,186

Maluku Tengah
465,174,468,173,473,173,477,173,479,173,482,173,484,172,487,173,490,173,492,175,494,175,498,176,500,178,501,180,503,181,504,183,503,185,503,187,499,186,494,182,491,181,490,179,486,179,485,182,480,181,477,179,476,177,474,181,471,181,468,179,467,177

Maluku Selatan Kiri 1
486,244,486,246,487,248,489,248,490,246,488,244

Maluku Selatan Kiri 2
513,234,512,236,510,238,508,242,508,244,507,246,509,247,511,245,514,242,515,239,514,237,515,235

Maluku Selatan Bawah Papua 1
551,219,551,216,550,214,552,214,553,211,556,210,557,213,557,216,556,218,558,221,556,224,553,222

Maluku Selatan Bawah Papua 2
549,222,552,224,554,226,552,229,550,232,548,229,548,226,550,224
