
Mataram
298,260,299,259,300,258,301,257,301,254,301,253,303,252,305,251,307,251,308,251,310,252,310,253,309,256,308,257,307,259,306,260,306,261,305,262,304,262,303,262,302,262,298,260,298,260

Nusa Tenggara Barat
309,262,309,260,311,259,311,258,311,257,311,255,312,254,315,253,317,254,319,255,320,254,322,254,324,257,327,258,329,256,329,255,328,254,326,254,325,253,324,252,323,251,323,250,325,249,325,249,328,249,329,250,332,252,332,252,333,252,335,252,336,252,336,253,336,253,336,253,337,255,337,253,338,253,339,252,340,252,341,253,342,255,342,257,343,257,343,258,342,259,341,259,340,259,338,259,337,259,335,259,333,260,332,259,332,258,332,257,331,258,329,260,329,260,326,261,324,261,322,261,322,261,321,261,321,261,318,262,317,262,316,262,316,262,314,263,313,263,313,264,312,263,312,262,311,262,309,261

Nusa Tenggara Timur Bawah
340,270,342,272,345,273,347,274,350,274,351,275,353,277,356,278,362,281,364,280,365,279,367,277,366,276,361,272,359,270,357,270,353,268,352,268,352,267,344,268,343,268,342,268,342,269

Nusa Tenggara Timur Bawah Kanan 1
379,284,382,284,383,286,380,287

Nusa Tenggara Timur Bawah Kanan 2
394,287,396,287,399,285,402,285,400,288,399,290,395,290,394,290

Nusa Tenggara Timur Atas
353,254,352,257,353,259,354,260,357,260,359,259,362,259,365,259,366,259,368,261,368,262,372,261,377,259,379,260,381,260,383,258,389,257,390,257,393,256,394,255,396,254,396,254,395,253,394,253,392,253,391,253,390,253,390,254,387,255,386,255,385,256,389,256,384,256,383,255,382,254,380,254,379,254,377,255,376,255,375,256,372,255,371,255,370,254,369,253,367,253,366,253,365,252,364,252,362,252,362,252,360,251,358,251,357,252,356,252,353,253

Nusa Tenggara Timur Kanan 1
400,254,402,252,404,251,407,250,405,254,404,256,402,257

Nusa Tenggara Timur Kanan 2
410,253,412,254,414,253,414,251,411,252

Nusa Tenggara Timur Kanan 3
415,254,415,252,415,251,416,250,416,250,419,251,422,250,423,250,424,250,425,250,425,251,425,252,422,252,421,252,420,253,418,253,417,254

Nusa Tenggara Timur Kanan 4
435,247,436,244,437,242,439,241,444,243,447,242,448,242,448,242,448,243,447,244,446,245,445,246,444,246,443,247,440,247,438,246,438,246,438,246

Kupang
402,280,405,279,405,276,405,274,406,272,407,270,410,267,412,267,414,268,414,268,418,269,419,268,419,265,420,263,421,262,421,262,423,262,424,262,425,262,425,264,425,266,425,268,424,269,423,271,422,273,420,276,419,278,418,279,418,279,417,280,413,280,409,280,408,280,407,280,406,281,406,282,405,282,402,282,400,282,400,282,400,282
