Papua Besar
# Lv 1
1623,366,1616,366,1607,366,1595,363,1586,361,1566,355,1565,355,1558,351,1538,342,1521,337,1515,334,1510,332,1505,331,1500,338,1491,341,1487,344,1486,345,1488,348,1494,348,1486,357,1484,359,1474,351,1466,355,1462,359,1458,362,1453,365,1444,373,1443,378,1440,382,1437,386,1434,390,1427,392,1416,391,1408,390,1400,380,1400,380,1399,370,1399,364,1398,362,1392,373,1386,365,1383,358,1383,350,1383,339,1391,320,1385,313,1381,309,1365,301,1358,300,1326,287,1318,292,1305,294,1295,300,1293,306,1286,311,1288,317,1282,328,1278,330,1278,330,1293,329,1300,329,1306,337,1308,342,1311,346,1316,350,1323,355,1330,356,1348,354,1362,347,1370,347,1374,352,1372,360,1372,362,1372,368,1371,371,1359,365,1340,367,1337,374,1332,374,1318,370,1313,370,1308,372,1307,376,1312,381,1324,385,1338,394,1345,396,1339,404,1338,405,1345,421,1352,422,1359,422,1362,411,1366,401,1365,393,1366,386,1378,376,1372,392,1378,405,1380,411,1381,414,1391,414,1395,414,1402,412,1417,416,1408,423,1408,423,1410,426,1416,428,1425,435,1437,436,1446,436,1461,438,1463,440,1470,443,1479,445,1485,449,1501,456,1507,458,1512,464,1518,468,1521,472,1523,474,1526,479,1534,504,1537,508,1550,519,1547,524,1548,524,1561,526,1565,527,1547,529,1545,529,1542,529,1542,531,1544,536,1543,537,1539,537,1528,537,1523,537,1518,541,1516,546,1514,551,1513,557,1511,561,1508,565,1532,570,1538,570,1547,560,1549,555,1552,559,1557,563,1572,564,1577,564,1584,563,1587,563,1591,572,1595,576,1599,579,1603,581,1607,587,1612,590,1618,592,1624,592,1623,517,1618,513,1616,508,1617,501,1623,499,1627,498,1622,477,1622,463,1622,443,1624,370

# Lv 2 Kanan
1620,395,1616,386,1612,383,1609,382,1593,373,1589,373,1556,368,1548,356,1541,353,1512,360,1512,360,1477,361,1477,362,1474,367,1472,372,1473,375,1466,380,1466,380,1461,383,1447,389,1436,397,1428,401,1410,402,1400,393,1393,381,1380,382,1368,391,1369,392,1388,398,1392,404,1395,409,1419,421,1421,424,1445,424,1459,420,1479,420,1494,434,1576,446,1579,448,1585,455,1595,460,1616,466,1616,466,1623,465,1621,451,1617,442,1617,433,1603,432,1599,429,1598,425,1598,419,1596,415,1590,408,1590,408,1595,405,1607,408,1611,409,1615,408

# Lv 2 Kiri Atas
1380,332,1382,330,1382,323,1376,315,1370,309,1362,309,1359,309,1347,297,1339,296,1337,294,1330,293,1318,292,1312,298,1312,303,1310,312,1305,315,1300,320,1339,334,1345,342,1361,342,1365,342,1377,349,1380,352,1381,356

# Lv 3 Kiri Atas
1382,335,1385,329,1385,326,1383,319,1379,314,1374,312,1365,312,1362,312,1356,312,1349,309,1343,305,1339,300,1327,292,1321,294,1321,305,1315,305,1317,307,1330,308,1335,309,1332,323,1347,321,1354,319,1355,319,1353,331,1358,335,1363,335,1373,332

# Lv 3 Kanan
1617,441,1602,438,1599,437,1597,430,1589,423,1578,412,1560,409,1550,409,1543,402,1533,396,1525,398,1503,405,1498,402,1485,394,1479,394,1476,394,1464,384,1448,398,1452,402,1461,407,1460,414,1458,413,1450,404,1428,413,1423,419,1428,420,1453,417,1464,413,1468,413,1489,426,1504,425,1518,421,1526,421,1534,421,1546,426,1551,434,1569,435,1571,436,1581,439,1589,445,1596,449,1611,454,1614,454

# Lv 4 Kanan
1601,439,1589,428,1577,427,1571,424,1568,421,1565,418,1559,413,1556,413,1549,410,1522,393,1519,399,1508,402,1491,402,1484,399,1478,394,1475,394,1464,394,1466,402,1470,409,1464,410,1461,410,1455,410,1438,404,1437,410,1427,419,1424,422,1441,416,1455,416,1484,418,1493,424,1506,425,1516,424,1524,422,1529,420,1584,439,1590,442,1598,443

Papua Kecil Bawah-Atas
1400,464,1398,466,1393,474,1390,478,1385,483,1383,489,1390,490,1396,485,1403,477,1406,481

Papua Kecil Bawah-Bawah
1403,486,1397,486,1390,491,1386,494,1382,508,1382,510,1386,512,1389,516,1394,516,1396,514,1397,507,1397,501,1404,494

Maluku Besar
# Lv 1
1171,202,1164,210,1160,214,1156,217,1156,226,1156,232,1156,239,1149,244,1150,254,1152,255,1155,259,1158,264,1159,271,1160,279,1161,283,1166,288,1173,294,1176,302,1178,307,1183,308,1177,297,1174,291,1171,283,1167,278,1167,267,1176,264,1183,264,1187,267,1195,269,1202,270,1197,258,1193,258,1183,257,1180,257,1185,248,1190,245,1196,240,1198,230,1198,226,1182,225,1180,231,1175,236,1172,241,1166,244,1168,237,1170,237,1175,234,1175,230,1174,226,1173,221,1171,213

# Lv 2
1166,204,1162,213,1161,219,1161,225,1161,228,1153,240,1153,243,1154,251,1157,260,1159,264,1159,271,1162,279,1166,283,1166,287,1163,258,1163,253,1170,259,1186,262,1188,262,1176,254,1173,252,1176,244,1181,242,1192,234,1174,247,1169,248,1164,243,1164,241,1161,236,1167,228,1169,228

Maluku Kecil Atas
1194,187,1189,191,1179,199,1182,206,1191,209,1194,205,1197,203,1197,194

Maluku Bawah-Bawah (Ambon)
# Lv 1
1260,385,1258,386,1248,383,1235,382,1226,382,1220,379,1199,373,1194,379,1181,375,1175,380,1174,385,1179,391,1179,396,1182,398,1192,399,1195,393,1195,390,1205,384,1223,396,1227,396,1237,390,1243,391,1249,398,1259,404,1264,408,1272,409,1268,400,1260,391,1260,389,1253,383,1251,382

# Lv 2
1256,392,1245,384,1242,384,1234,383,1224,383,1220,383,1215,383,1189,380,1185,380,1181,388,1200,380,1203,380,1218,392,1241,390,1252,396,1258,402,1263,405,1266,405

Maluku Bawah-Kiri
# Lv 1
1140,386,1120,384,1113,388,1101,390,1111,399,1121,405,1124,409,1130,409,1139,411,1145,408,1147,398,1141,394

# Lv 2
1127,390,1120,390,1116,391,1109,395,1115,398,1120,398,1123,402,1123,407,1132,408,1134,406,1138,402,1140,400,1135,399,1128,402,1126,403,1128,398,1132,396,1135,394

# Lv 3
1127,389,1118,393,1114,393,1117,396,1118,398,1122,400,1127,401,1128,395

Sisa Kecil 1
1457,317,1451,310,1445,307,1439,305,1434,309,1440,316,1444,318,1456,322,1462,322

Sisa Kecil 2
1471,339,1460,338,1450,337,1441,337,1435,336,1452,338,1453,348,1463,350,1469,346,1480,337

Sisa Kecil 3
1287,285,1273,278,1257,277,1255,282,1255,284,1256,289,1259,288,1267,286,1277,291,1287,294,1293,288,1295,286