Papua Besar
644,169,644,223,642,225,641,227,642,229,644,231,643,263,629,249,626,250,620,251,618,248,614,250,614,253,612,253,610,252,604,254,601,252,598,253,598,250,600,246,604,240,607,239,611,237,613,237,610,235,613,234,611,232,610,230,616,230,612,228,609,224,607,220,606,217,606,215,604,215,603,213,603,211,597,207,593,203,591,205,588,202,586,203,582,201,577,199,573,196,567,196,562,195,557,192,557,189,554,189,552,188,550,189,549,187,547,186,545,185,543,184,541,183,539,185,539,189,537,191,535,190,533,192,531,188,529,186,529,183,532,183,531,181,528,179,527,177,525,175,522,175,520,174,520,171,523,170,525,171,527,170,529,172,532,170,534,168,537,167,538,169,540,170,542,168,544,168,544,166,547,165,545,164,545,161,542,164,539,164,537,163,534,165,530,165,526,164,523,165,521,161,518,157,517,154,514,153,511,153,507,153,504,151,501,148,502,145,505,144,506,147,506,150,509,148,510,145,510,143,513,141,514,143,517,141,520,139,523,136,529,136,529,138,533,138,538,143,544,142,548,141,549,145,548,147,550,150,551,152,549,154,549,157,549,160,550,162,550,166,551,169,552,171,554,169,555,167,556,170,556,174,558,174,559,176,559,179,561,178,564,180,569,177,572,175,575,171,578,168,580,164,584,165,590,163,592,160,590,158,595,155,599,153,602,155,606,158,613,159,619,163,626,166,633,165,635,168,639,167,640,170

Papua Kiri Atas 1
496,133,499,136,501,137,503,138,506,137,510,138,511,134,507,132,502,133,500,132

Papua Kiri Atas 2
489,158,491,158,492,156,494,157,495,155,498,157,496,161,492,162,488,160

Papua Tengah Atas 1
571,143,572,146,573,149,576,150,578,149,579,147,576,145,572,141

Papua Tengah Atas 2
568,155,572,156,575,155,577,156,580,156,582,157,585,157,584,159,578,159,575,157,570,157
