Sulawesi 1-1
140 189 156 255
1069,219,1061,224,1056,229,1051,230,1045,232,1042,239,1041,243,1035,246,1031,246,1025,246,1018,247,1012,248,1000,252,996,252,988,249,984,249,976,247,976,243,973,241,969,242,956,243,953,242,942,238,947,235,952,230,944,233,940,234,927,234,921,243,916,246,914,250,912,251,908,249,904,246,902,248,902,252,894,254,894,258,893,263,890,266,889,274,892,276,892,279,889,283,884,281,887,285,889,290,889,294,889,299,889,302,889,308,884,305,880,310,877,314,872,322,872,327,871,330,872,334,871,339,873,342,872,345,869,348,868,351,867,354,866,358,865,361,863,364,860,367,858,370,856,371,853,375,856,376,855,387,857,389,857,392,857,397,859,399,863,400,865,400,870,399,876,397,878,397,880,410,882,418,882,423,883,426,883,429,882,436,880,439,878,446,878,449,878,453,877,455,875,458,875,461,876,465,878,467,881,471,886,472,888,473,889,476,892,476,897,471,900,470,903,470,905,469,909,466,907,463,905,460,905,458,906,453,905,447,908,445,912,437,912,432,910,430,909,428,908,425,908,421,909,417,909,402,912,406,912,399,911,395,911,392,910,390,910,388,908,383,907,381,905,380,909,379,911,378,913,376,916,371,919,370,923,368,926,369,930,370,932,370,935,377,935,381,931,387,931,391,925,396,925,398,928,399,934,407,936,407,944,413,949,417,957,421,950,423,950,427,948,439,950,441,952,443,955,444,959,445,968,447,970,447,969,442,968,440,969,438,970,436,974,434,976,433,980,430,985,429,987,433,990,433,990,429,987,427,992,430,996,430,996,428,996,423,996,421,994,419,991,419,989,419,987,417,985,415,984,413,982,411,979,409,976,407,975,405,971,403,973,400,975,399,974,394,979,391,981,391,982,386,980,385,975,382,973,381,969,378,974,378,976,373,972,372,970,372,966,367,964,364,962,360,960,358,958,355,954,352,951,352,949,351,945,347,944,345,942,341,944,339,948,342,953,345,955,345,959,341,961,339,968,335,970,334,979,331,982,326,984,325,986,322,989,320,991,315,993,312,995,309,998,308,1001,308,1005,309,1007,310,1010,313,1013,315,1015,309,1015,306,1016,303,1013,300,1011,298,1009,297,1005,297,999,297,996,298,992,300,994,302,992,305,988,305,983,304,980,303,976,303,972,306,966,310,962,311,957,310,954,307,950,306,946,311,943,314,938,320,936,324,934,325,928,325,926,325,922,326,917,326,916,322,915,320,914,317,915,315,915,313,910,310,906,310,901,302,899,300,896,296,897,291,898,289,898,287,898,285,898,282,898,279,901,276,904,273,904,269,906,265,909,263,919,261,922,262,926,263,933,263,936,264,942,263,945,262,948,261,951,261,954,261,956,261,958,262,962,263,965,263,970,263,983,263,985,263,987,262,991,262,999,261,1005,266,1007,267,1010,267,1021,267,1027,268,1032,266,1043,263,1046,264,1052,262,1054,257,1052,256,1054,251,1056,249,1059,247,1062,246,1065,245,1067,244,1067,242,1068,239,1070,236,1074,232,1074,230,1077,228,1077,225,1075,224,1074,221

Sulawesi 2-2
178 211 145 255
1072,222,1069,222,1065,220,1064,224,1061,228,1057,231,1053,232,1051,237,1047,242,1041,246,1036,248,1030,250,1026,251,1022,251,1017,251,1013,250,1006,249,1004,247,1004,245,1001,243,995,247,991,248,988,248,981,248,978,247,976,244,965,242,963,242,961,243,955,242,951,242,947,241,941,241,930,241,932,236,929,235,926,238,923,245,919,247,914,249,911,252,907,254,903,256,900,258,897,262,896,265,893,269,893,272,902,266,904,261,908,259,920,259,923,261,928,261,931,259,935,258,940,257,960,257,966,259,973,261,980,260,991,259,991,254,993,252,999,252,1001,255,1007,259,1011,264,1014,266,1028,264,1034,262,1042,261,1044,259,1047,258,1050,254,1053,251,1056,247,1059,244,1061,244,1064,243,1070,239,1071,234,1075,225

Sulawesi 3-2
178 211 145 255
896,284,892,287,890,295,889,301,892,304,894,308,897,312,898,318,896,322,889,312,885,310,888,320,888,322,884,319,887,330,888,333,890,344,885,341,883,335,878,340,881,351,876,356,870,364,862,369,864,374,861,379,860,389,861,398,866,396,870,392,877,392,878,394,882,394,884,393,885,391,888,387,887,393,891,398,890,405,890,408,892,409,894,409,898,409,902,409,904,408,907,404,905,394,901,384,900,381,900,376,904,367,906,364,910,359,910,364,913,365,917,365,920,363,922,364,926,364,932,363,935,365,939,365,943,367,943,372,936,377,937,381,934,385,934,388,933,392,929,397,928,400,936,401,939,407,940,409,943,409,945,410,948,412,950,415,951,417,954,417,957,417,952,432,962,433,972,436,969,432,964,429,961,425,960,421,961,414,958,410,953,407,953,405,957,407,961,407,963,410,966,410,969,412,972,415,977,413,977,411,973,408,965,405,961,401,960,397,956,388,960,391,966,395,969,388,964,388,962,386,960,381,960,379,964,380,971,381,973,381,969,374,966,374,964,369,962,366,959,363,958,360,952,353,949,356,940,357,937,355,934,353,934,351,938,347,938,344,938,337,941,335,950,337,954,340,959,339,962,334,964,333,965,330,970,329,976,327,981,323,986,318,989,315,992,313,993,310,995,308,990,308,986,308,983,308,976,311,973,313,966,313,962,313,957,312,953,311,948,313,944,319,937,325,936,327,933,328,926,328,920,328,913,327,912,320,912,318,906,315,900,309,897,307,896,304,894,298,894,296,894,293,896,289

Sulawesi 4-3
240 237 115 255
1064,240,1056,244,1052,244,1050,246,1048,248,1048,253,1043,259,1048,256,1049,250,1062,240

Sulawesi 5-3
240 237 115 255
985,250,982,249,974,249,970,249,967,249,962,247,953,245,949,245,953,248,958,249,959,252,945,251,947,252,937,251,933,251,918,248,918,251,915,253,902,256,899,259,898,263,898,267,895,271,896,273,901,265,903,261,912,261,920,263,929,262,933,261,949,257,954,257,968,257,974,259,980,259,977,255,973,254,969,253,978,253,983,254,985,255

Sulawesi 6-3
240 237 115 255
897,311,897,316,900,319,904,320,904,323,900,326,900,329,898,329,894,322,892,320,888,318,889,326,892,331,892,333,894,334,894,336,890,336,885,335,882,334,886,340,892,343,889,346,888,348,886,350,881,353,876,359,881,361,890,359,893,356,887,363,881,365,877,369,875,371,871,372,862,378,869,379,871,383,872,385,871,391,876,387,884,383,889,387,892,387,892,384,896,377,897,372,904,356,906,357,901,353,900,345,900,342,897,341,898,338,909,335,902,333,905,330,909,328,910,339,910,344,909,349,908,354,912,356,912,359,914,361,917,364,920,364,923,361,927,359,936,361,929,360,928,353,922,349,916,346,914,344,916,341,916,339,916,337,916,331,916,327,916,324,913,320,910,318,908,314,904,316,901,315,903,309

Sulawesi 7-3
240 237 115 255
952,381,945,383,943,384,936,386,937,390,933,394,931,396,931,401,932,406,934,408,937,409,944,407,946,407,951,415,956,415,960,411,949,408,948,403,944,401,943,399,943,395,948,395,949,401,952,402,954,402,957,400,957,397,952,395,952,392,952,389,953,386,954,381

Sulawesi 8-3
240 237 115 255
986,309,980,311,977,312,973,313,972,317,970,319,967,319,964,317,960,317,954,316,952,316,957,317,962,321,965,323,966,325,966,328,970,327,972,325,974,319,976,317,981,317,987,314,988,310

Sulawesi 9-3
240 237 115 255
954,381,948,381,943,382,939,385,936,390,936,393,935,396,933,400,934,405,942,408,948,411,951,413,955,413,956,409,951,407,944,404,942,402,942,399,942,396,952,398,957,402,959,403,958,400,957,397,953,395,951,392,951,388,953,387,953,383,957,383

Sulawesi 10-4
254 213 74 255
906,319,903,324,902,326,901,332,904,331,907,328,908,325,909,322

Sulawesi 10-5
220 147 67 255
893,341,893,346,890,349,888,352,886,355,881,359,889,359,890,352,893,349,895,352,896,358,894,363,888,364,885,368,880,371,875,373,872,374,878,379,884,380,887,377,889,374,892,372,894,372,897,364,902,361,905,359,906,355,902,351,897,351,897,346,896,344

Sulawesi 11-5
220 147 67 255
894,389,894,391,896,393,896,397,895,399,894,401,896,403,900,405,904,401,900,400,899,398,904,391,901,389,898,387

Sulawesi 12-5
220 147 67 255
899,392,896,399,897,401,897,404,900,400,902,398,902,396,902,393,898,389

Sulawesi 13-1
140 189 156 255
1113,341,1106,340,1101,340,1096,340,1089,343,1087,344,1080,341,1076,341,1071,341,1067,341,1062,339,1059,338,1053,337,1050,333,1044,340,1043,344,1046,347,1049,348,1053,348,1059,346,1063,343,1085,344,1093,345,1097,345,1100,347,1104,345,1106,344,1109,343

Sulawesi 14-1
140 189 156 255
1005,435,1003,432,996,431,995,437,995,440,992,443,995,447,994,451,995,455,993,459,989,463,986,469,985,472,986,475,991,476,994,476,996,475,996,472,996,468,998,463,1003,465,1007,464,1004,459,999,456,998,454,997,448,1001,446,1006,444,1009,436,1002,436,1000,431

Sulawesi 15-1
140 189 156 255
992,441,987,440,983,440,981,443,978,448,977,444,977,454,976,462,978,464,983,463,985,460,985,455,986,452,988,449,990,447,990,440

Sulawesi 16-1
140 189 156 255
914,480,911,483,910,485,912,493,911,500,911,504,913,505,915,503,913,496,912,487,912,485

Sulawesi 17-1
140 189 156 255
964,454,958,457,958,463,964,466,965,469,967,471,966,463,966,458,957,453