Sumatera
15,53,22,53,26,57,33,58,36,57,41,58,45,59,48,61,51,65,53,67,56,71,57,74,60,78,65,81,69,85,71,85,76,90,79,93,81,96,84,99,86,102,89,104,92,107,91,102,94,101,96,104,99,107,101,110,105,111,110,113,110,116,110,120,113,123,117,123,122,125,119,129,115,131,122,130,123,127,125,127,128,131,131,132,127,137,127,139,125,143,128,146,131,149,134,149,138,149,140,151,141,156,141,159,142,161,146,164,146,166,146,167,145,170,149,169,152,169,155,168,159,173,160,174,162,177,163,180,161,183,160,188,160,191,160,196,161,198,159,203,159,207,160,211,160,215,158,216,157,218,153,216,152,214,152,214,150,217,146,217,145,215,142,212,143,218,139,217,136,214,133,209,131,205,130,205,127,203,122,201,120,197,114,194,111,192,109,187,109,184,106,183,104,182,101,181,99,179,98,176,97,174,97,172,95,170,94,169,92,166,91,162,90,158,87,155,85,152,84,149,85,145,84,145,80,142,76,138,76,135,75,134,70,131,71,129,68,130,66,127,65,123,65,118,63,113,62,106,59,106,54,104,52,103,50,102,47,101,47,94,42,89,41,87,38,82,34,80,31,78,29,75,24,72,22,72,20,68,16,65,16,61,15,58,15,56,15,56,15,54,14,54,15,53

Sumatera Kiri Atas 1
19,93,20,94,23,95,24,96,28,97,28,99,30,99,30,97,30,95,27,94,25,93,24,92,22,92,21,91

Sumatera Kiri Atas 2
38,112,40,112,41,112,42,112,44,110,45,113,47,114,49,117,50,119,49,122,48,124,45,124,44,122,44,121,45,119,43,118,41,118

Sumatera Kiri Tengah 1
61,146,59,149,60,150,61,153,62,155,64,157,67,158,68,157,69,157,68,153,66,149,64,145

Sumatera Kiri Tengah 2
73,162,73,166,76,167,77,167,76,164,73,161

Sumatera Kiri Tengah 3
78,171,79,173,81,175,82,177,85,181,85,178,85,178,86,177,84,175,83,174,82,173,81,172,81,171,79,169

Sumatera Kanan Atas
100,102,98,103,98,107,99,109,101,109,103,107,104,105,102,102

Sumatera Kanan Atas 2
108,110,110,112,113,113,113,112,113,110,109,110

Sumatera Kanan Atas 3
116,116,120,120,123,120,123,119,121,116,117,115

Kepulauan Riau Atas
139,138,138,140,139,142,142,140,142,137,144,136,147,137,147,135,145,134,142,133,141,132

Kepulauan Riau Bawah
153,160,149,162,159,163,161,167,161,172,163,174,169,177,171,176,172,172,171,169,166,166,164,162,163,159,163,158,161,155,160,154,158,157,159,159,157,158,157,157,156,156,156,155,154,155,154,155,151,157,151,160

Bangka Belitung
184,170,187,169,193,171,193,172,192,177,191,180,188,180,186,177,184,178,183,180,184,172
